procs -----------memory---------- ---swap-- -----io---- -system-- ------cpu-----
 r  b   swpd   free   buff  cache   si   so    bi    bo   in   cs us sy id wa st
 0  0  45584  91128   8548 172928    0   10    97    42   90  646  5  1 94  0  0
 1  0 143124  71248     84  84956    0 19508    33 19545  315 1251 48  7 37  9  0
 0  0 143124  62020    236  70044    0    0  2190    15  210  753 21  2 76  1  0
 1  0 143124  60780    252  71160    0    0   230     5  189  894 28  1 70  1  0
 0  0 143124  60160    396  71640    0    0   121     5  262 1208 36  1 63  0  0
 0  0 143124  89052   1644  66068    0    0   432     0  382 3539 30  3 67  0  0
 0  0 143124  86944   1652  68152    0    0   412     5  264 1429 43  1 56  0  0
 1  0 143124  85092   1812  70012    0    0   372   104  148  441 22  1 77  1  0
 0  0 143124  66616   1964  87224    0    0  3466    11  382  594 68  1 31  0  0
 0  0 143124  66616   1972  87316    0    0     1    26   84  306 14  0 86  0  0
 2  0 143124  66120   1980  87308    0    0     0    10  151  318 31  0 68  0  0
 1  0 143124  66120   1980  87684    0    0    74     0  164  335 29  0 70  0  0
 1  0 143124  64508   2920  89008    0    0   451    58  161  357 23  0 76  0  0
 0  0 143124  64384   2928  89008    0    0     0     5  153  349 30  0 70  0  0
 0  0 143124  64384   2936  89008    0    0     0     5  139  309 25  0 75  0  0
 0  0 143124  64384   2944  89008    0    0     0     6  185  350 37  0 63  0  0
 0  0 143124  62524   2960  90804    0    0   358    86  155  327 26  0 73  0  0
 0  0 143124  62400   2968  90804    0    0     0     5  208  359 44  0 56  0  0
 0  0 143124  60904   3476  91776    0    0   294     6  154  367 24  0 75  0  0
 1  0 143828  81612   3596  89220    0  141   490   145  210  496 37  1 62  0  0
 0  1 143820  80008   3604  91396   22    0   450    67  179  473 29  0 70  1  0
procs -----------memory---------- ---swap-- -----io---- -system-- ------cpu-----
 r  b   swpd   free   buff  cache   si   so    bi    bo   in   cs us sy id wa st
 1  0 143068  65624   4576 102984  334    0  2830     5  316 1269 18  1 76  5  0
 0  0 143068 143012   4580 104364    0    0   269     0  172  700 24  1 75  0  0
 0  0 143068 181472   4588 104848    0    0    82     4   70  560  1  1 98  0  0
 0  0 143068 253744   4872 110864    0    0  1256     5  124  732  3  1 94  2  0
 0  0 143068 284248   4900 115300    0    0   883    90  140  973  7  1 90  1  0
 0  0 143068 301708   4916 116856    0    0   311    17  184 1171  8  1 91  0  0
 0  0 143068 301708   4924 117220    0    0    76    33  118  784  2  1 96  0  0
 1  0 143068 269964   5060 141636    0    0  2951     2  253 2234 12  3 83  2  0
 1  0 143068 261904   5072 143936    0    0   234    14  332 2949 25  4 71  0  0
 0  0 143068 253728   5088 143704    0    0    61   133  346 2977 25  4 70  0  0
 0  0 143068 253356   5096 143784    0    0    14    13  223 1582  7  1 92  0  0
 1  0 143064 226624   5148 157176   26    0   779   162  362 3048 31  3 65  1  0
 0  0 143064 226500   5156 157184    0    0     0    56  238 2106 11  2 87  0  0
 1  0 143064 233196   5172 149408    0    0    30    18  288 2824 14  3 83  0  0
 0  0 143052 231460   5184 150728    6    0   268    41  175 2257 10  2 87  0  0
 0  0 143052 231312   5192 150740    0    0     3    11  177 1837  7  2 91  0  0
 0  0 143052 254584   5196 150728    0    0     2     1  206 2472  9  3 88  0  0
 0  0 143052 261156   5204 150760    0    0     0   346  167 1479  7  2 91  0  0
 1  0 143036 259388   5220 151328    3    0     4   134  142 1466  5  2 92  1  0
 0  0 143036 255592   5228 152184    0    0    18    47  317 3214 22  4 74  0  0
 2  0 143036 245788   5236 151788    0    0     0    18  429 4289 35  6 60  0  0
procs -----------memory---------- ---swap-- -----io---- -system-- ------cpu-----
 r  b   swpd   free   buff  cache   si   so    bi    bo   in   cs us sy id wa st
 0  0 143036 248400   5244 151776    0    0     0    19  227 2355  8  3 89  0  0
 0  0 143036 248400   5252 151772    0    0     0    12  114  946  2  0 97  0  0
 1  0 143036 241704   5260 152680    0    0    18    22  353 3625 21  3 76  0  0
 0  0 143036 237200   5268 152424    1    0     1   247  318 3011 20  4 76  0  0
 0  0 143036 237084   5284 152424    0    0     0    51  111  767  1  1 98  0  0
 0  0 143036 235844   5292 152424    0    0     0    16  242 2837 10  3 87  0  0
 1  0 143036 216244   5584 164276    0    0  2228     6  418 4046 28  5 65  2  0
 0  0 143032 216120   5592 164276    1    0     1    12  180 1627  4  2 94  0  0
 0  0 143032 234852   5592 164272    0    0     0     6  166 1638  5  2 93  0  0
 0  0 143028 239688   5600 165144    1    0     1    14  417 4454 29  5 66  0  0
 0  0 143028 225164   5608 164404    0    0     0    24  334 2830 32  4 64  0  0
 0  0 143024 224800   5616 164536    2    0    27   100  277 2959  9  3 88  0  0
 0  0 143024 224932   5624 164528    0    0     0    17   90  638  2  0 98  0  0
 0  0 143024 218360   6088 170272    0    0  1236   166  140 1125  4  2 94  1  0
 0  0 143024 218360   6096 170268    0    0     0     8  163 1908  4  1 94  0  0
 0  0 143020 151492  16872 191348    2    0  5813     5  751 4039 24  6 59 11  0
 1  0 143020 154468  16880 191348    0    0     0     7  152 2031 10  2 88  0  0
 0  0 143020 154228  16888 191356    0    0     0    50  166 2471  8  2 90  0  0
 1  0 143020 152864  16888 192696    0    0   258    57   92  964  3  0 96  0  0
 0  0 143016 152724  16896 192792    1    0    19    24  130 1479  5  1 94  0  0
 0  0 143016 152732  16904 192788    0    0     0     6   92 1103  3  1 96  0  0
procs -----------memory---------- ---swap-- -----io---- -system-- ------cpu-----
 r  b   swpd   free   buff  cache   si   so    bi    bo   in   cs us sy id wa st
 0  0 143016 167248  16928 192788    0    0     0    77  149 1373  6  2 93  0  0
 0  0 143016 166628  16948 192988    0    0    42    11   92  718  2  1 97  0  0
 0  0 143016 165884  16960 192996    0    0     1     8   87  656  2  1 97  0  0
 0  0 143016 127900  16976 195072    0    0     1    30  231 2769 22  4 74  0  0
 0  0 143016 127652  16984 195068    0    0     0    46   67  427  2  0 97  0  0
 2  0 147444  63688  17000 206312    0  885  2906   898  380 1752 27  6 66  1  0
 0  0 203560  78104   1284 182340   18 11248   440 11249  404 1546 49  8  8 35  0
 0  0 203560  99820   1312 182556    2    0     8   124   72  423  4  1 96  0  0
 0  0 203396 108328   1440 182984  109    0   182    18  134  729  6  1 92  1  0
 0  0 203396 108824   1460 183208    0    0    46     6   73  467  2  0 98  0  0
 1  0 203396 112660   1660 183248    0    0    48    30  137 1532  8  1 91  0  0
 1  1 203396 112420   1668 183268    0    0     0    92  113 1238  2  1 97  0  0
 0  0 203392 112172   1668 183268    1    0     1   135  101 1259  3  1 95  0  0
 0  0 203392 115768   1692 183340    0    0     1    89   91  980  3  0 97  0  0
 0  0 203392 115768   1700 183348    0    0     0    14   97  968  3  1 96  0  0
 0  0 203392 115388   2084 183364    0    0    77     1   94  908  3  1 97  0  0
 0  0 203380 114024   2360 183420    4    0    58    16  102  693  3  1 96  1  0
 1  0 203364  69476   2412 200924    7    0  1725  1655  231  730 28  2 69  1  0
 0  0 205392 113412   1404 186116    7  411    14  2003  308 1150 50  2 34 14  0
 0  0 205392 113412   1412 186116    0    0     0    12  102 1325  3  1 96  0  0
 0  0 205380 213212   1464 186976    3    0   175     0  112 1054  3  1 95  1  0
procs -----------memory---------- ---swap-- -----io---- -system-- ------cpu-----
 r  b   swpd   free   buff  cache   si   so    bi    bo   in   cs us sy id wa st
 0  0 205380 213212   1472 186964    0    0     0     9  100  888  3  1 97  0  0
 0  0 205380 212592   1568 187096    0    0    42    86   83  642  2  0 97  0  0
 0  0 205380 212460   1584 187100   10    0    10    16   77  501  2  0 98  0  0
 0  0 205380 212080   1860 187172    0    0    66    76  104  667  2  1 97  0  0
 1  0 227284  86388    580 101156    0 4381     5  4392  369 1467 73  5 22  0  0
 0  0 234992  67512    228  83284    0 1542  2354  1555  254  897 25  2 71  2  0
 0  0 234992  62800    384  87768    0    0   922     7  347 1412 63  1 35  1  0
 0  0 234988  61808    392  88480    6    0   144     4  175  880 27  1 72  0  0
 1  0 234988  60284   1640  88940    0    0   328     6  267  505 50  1 48  1  0
 0  0 260292  72104   3240  81600    5 5062  1907  5079  281  559 43  3 52  2  0
 1  0 260292  69020   3400  84532    0    0   586    91  246  601 44  0 53  2  0
 0  0 260292  64780   3556  88648    0    0   839    30  250  724 43  0 57  0  0
 1  0 260292  62300   4368  90256    0    0   453    12  220  670 34  1 65  1  0
 0  0 260220  71956   4652  91160   42    0   425    54  297  798 52  1 46  1  0
 1  0 267012  63452   5064 102304    3 1360  2749  1376  237  767 23  1 72  4  0
 0  0 267012  62964   5064 102672    0    0    40     0  296  388 64  0 36  0  0
 1  0 267012  62592   5088 102900    0    0     2   159  101  335 14  0 85  0  0
 1  0 267012  62468   5096 102932    0    0     6     7  298  381 67  1 32  0  0
 0  0 267012  62436   5104 103272    0    0    68    38  141  850 17  1 81  0  0
 1  0 267012  62964   5112 103268    0    0     0     5  348  393 80  1 20  0  0
 0  0 267012  61724   5124 104828    0    0   310    13  133  333 18  1 81  0  0
procs -----------memory---------- ---swap-- -----io---- -system-- ------cpu-----
 r  b   swpd   free   buff  cache   si   so    bi    bo   in   cs us sy id wa st
 1  0 267012  61352   5132 105076    0    0    50    13  295  387 68  0 32  0  0
 0  0 267012  61352   5140 105064    0    0     0     6  163  369 30  0 69  0  0
 1  0 267012  61352   5140 105064    0    0     0     0  224  779 39  0 61  0  0
 0  0 267008  60972   5164 105328    2    0    54   125  269  782 49  1 50  0  0
 0  0 267008 178680   5172 105328    0    0     0     4  119 1029  3  1 96  0  0
 0  0 267008 336048   5180 105328    0    0     0     4   87  734  2  0 98  0  0
 0  0 267008 336048   5188 105328    0    0     0     6   56  405  1  0 98  0  0
 0  0 267004 336064   5196 105328    1    0     1     7   83  752  2  1 96  0  0
 0  0 267000 332336   5208 107756    1    0   481     6  112  841  3  1 95  1  0
 0  0 267000 340388   5224 112520    1    0   950    10  106  517  6  1 92  1  0
 0  0 266996 342036   5232 116884    2    0   876    17  133 1057  7  2 90  1  0
 0  0 266996 342036   5240 116884    0    0     0    83  107 1028  4  1 95  0  0
 1  0 266996 306804   7556 135840    0    0  4245    47  377 2933 10  4 81  5  0
 0  0 266984 261644  16628 150256    3    0  4156     9  511 2016 14  5 74  7  0
 0  0 266984 260652  16640 150680    0    0    86    17   94  716  2  1 97  0  0
 1  0 266968 264024  16648 151720    5    0   212    14  213 2797 14  2 84  0  0
 0  0 266968 263776  16648 151728    0    0     2    15  149 1360  3  1 95  0  0
 0  0 266968 263792  16660 151728    0    0     1    58   80  603  2  0 98  0  0
 0  0 266968 263676  16668 151724    0    0     0     6   85  629  2  0 98  0  0
 0  0 266968 263552  16676 151736    0    0     2     7   73  628  2  0 98  0  0
 0  0 266968 263428  16684 151736    0    0     0     5   81  634  2  0 98  0  0
procs -----------memory---------- ---swap-- -----io---- -system-- ------cpu-----
 r  b   swpd   free   buff  cache   si   so    bi    bo   in   cs us sy id wa st
 0  0 266968 266776  16700 151820    0    0    17    74  116 1193  4  0 96  0  0
 0  0 266968 231248  16708 153896    1    0     1     9  342 5496 34  8 58  0  0
 0  0 266968 227280  16736 155652    0    0   353    16  152 1480  5  1 93  0  0
 0  0 266968 227056  16744 155660    0    0     0    33  139 1123  3  1 96  0  0
